6995792
5655947
6702851
6702849
5452133
6974402
7566062
6218072
6728338
6017515
6477306
5774926
7476920
6549643
6880818
7571222
7566062
6218072
6218072
5720262
5757692
7317702
7582730
7745959
6728338
7766211
3676000
7604457
7752050
7586379
5880320
7161454
7222716
7315359
6766563
6766562
7257621
6739152
5033036
7546207
4996877
5840078
7754897
7765920
5656243
7765920
7765908
5452130
7765909
7765910
7765911
6369766
7765912
7823405
7823405
7765914
7765901
7765917
7440340
6679462
7765918
5452130
7765893
6718108
6042768
5959970
5959971
7765893
7649079
6369766
7765922
5101288
5923782
6031384
5619607
5619607
6605286
6823192
6443034
7601574
5959974
7408676
7405695
6391284
7765897
5078344
7765898
7765899
6759058
2432925
6718137
5201418
5782319
7765915
5830857
5830857
5830855
7223577
5674339
5720249
6679460
6679460
6395279
5421452
7765894
6339822
7702814
5453897
5611622
5611621
5776137
5776139
4966443
5114100
6038598
5742966
7569597
6739622
6200994
5622646
7176580
6366257
5803232
7483849
6403223
7765905
4994668
5923801
6586138
6660432
6108991
5923797
5728747
6031368
6031367
6468229
6468262
6973971
5035659
5962645
6864780
6864779
6864780
6880090
6880058
7444264
7444264
6045030
6864778
6864778
7765902
6839839
6839837
6839839
5867346
6095990
6679457
6468229
6473725
6207250
7179464
6665773
5152624
5320199
6901170
7186053
7186053
5867354
6880058
7272732
6725379
6260358
7272732
7444265
6031368
5984147
6031369
5867356
5867354
6953397
6473725
6473725
5656241
6911716
6679457
6679458
7765906
6636234
7765907
7765904
5241969
6581276
6581275
7765900
7765895
7765896
5462267
7408320
7194014
5962628
5936549
5201467
5462886
6549645
5923779
7194015
7380527
7604457
7754898
7848422
5690932
7765919
7765916
5034018
6785305
5421452
